[Border]
-50 -50
2050 -50
2050 2100
-50 2100

[Obstacle]
447.636 505.978
418.484 468.388
397.782 385.572
302.554 364.868
244.589 397.994
271.746 489.283
362.281 523.81

[Obstacle]
189.274 289.797
236.145 264.223
265.291 199.236
325.439 153.274
290.133 108.139
223.887 91.576
145.221 120.562
116.238 199.236
153.501 228.222

[Obstacle]
729.01 186.814
770.413 149.547
811.817 70.8721
737.291 41.8866
691.747 41.8866
737.291 79.1537
584.098 153.688
596.721 228.574
675.185 228.222

[Obstacle]
662.764 410.417
695.887 414.557
683.466 335.882
633.782 323.46
550.975 344.164
513.113 412.228
565.751 452.039

[Obstacle]
662.764 795.51
646.203 696.131
660.828 624.832
579.957 559.485
513.712 646.441
550.043 801.005

[Obstacle]
836.659 770.665
907.045 762.383
890.484 683.709
936.027 584.33
977.431 505.655
882.203 443.543
815.957 439.402
745.571 501.514
770.413 559.485
749.712 704.412

[Obstacle]
207.326 758.243
306.694 778.947
432.156 707.236
406.063 609.174
326.952 592.022
273.571 667.145

[Obstacle]
45.8522 377.29
66.554 451.824
98.4245 514.968
145.25 575.124
199.045 600.893
199.045 505.655
157.642 451.824
157.642 373.15
91.3961 327.601

[Obstacle]
466.894 313.341
466.978 256.531
512.528 208.806
514.697 130.712
484.331 91.6646
447.457 96.0032
449.626 156.743
410.583 210.975
367.201 267.377
410.583 289.07

[Obstacle]
928.12 345.072
971.501 295.179
1066.94 208.407
982.347 156.344
917.275 130.313
832.682 223.592
784.962 306.025
854.372 355.919

[Obstacle]
1045.24 350.738
1049.5 417.513
1126.69 411.831
1129.04 336.531
1082.17 309.536

[Obstacle]
1807.41 218.926
1823.89 367.274
1812.91 521.116
1928.28 499.139
1972.23 323.319
2038.15 213.432
1889.82 81.567
1779.94 114.533

[Obstacle]
1796.42 801.329
1670.07 960.666
1774.45 1120
1862.35 1196.92
2005.19 1109.01
1878.83 960.666
1939.26 729.903
1961.24 598.038
1840.37 603.532

[Obstacle]
1801.92 1323.29
1714.02 1438.68
1807.41 1598.01
1867.84 1740.87
1768.96 1828.78
1648.09 1949.65
1708.52 2026.57
1779.94 1977.12
1944.76 1949.65
1999.69 1823.28
1873.34 1488.13
1906.3 1345.27
1900.81 1213.41
1779.94 1218.9

[Obstacle]
258.164 2026.57
318.595 1982.62
549.334 2054.05
664.704 2059.54
988.837 2032.07
1565.69 2043.06
1648.09 2037.56
1565.69 1922.18
1483.28 1927.67
1236.06 1933.17
1082.23 1905.7
906.431 1861.74
516.372 1966.14
302.114 1960.64
181.25 1916.69
49.3995 1977.12
109.831 2037.56

[Obstacle]
115.325 1801.3
126.313 1685.92
131.806 1543.07
65.8809 1471.64
109.831 1312.31
208.719 1301.32
252.67 1202.42
71.3747 1026.6
104.337 801.329
82.3623 620.015
-16.5259 477.162
-22.0197 576.06
5.44922 696.936
5.44922 795.835
-5.53835 971.655
5.44922 1158.46
43.9057 1218.9
-5.53835 1405.71
-11.0321 1587.02
21.9306 1674.93
-5.53835 1916.69

[Obstacle]
933.9 43.1064
1055.18 100.686
1184.43 75.1124
1291 65.0839
1389.88 87.0614
1519.63 86.4784
1653.59 70.5783
1741.49 114.533
1790.93 43.1064
1719.51 -11.8373
1367.91 21.1289
1208.59 -0.848542
1038.28 -0.848542

[Obstacle]
1334.9 495.584
1366.12 443.546
1316.69 339.472
1355.71 253.611
1379.13 209.38
1332.3 141.732
1267.26 141.732
1194.42 157.343
1160.6 209.38
1194.42 266.621
1259.71 343.634
1225.62 461.557

[Obstacle]
1573.4 501.134
1668.56 495.451
1696.97 438.621
1701.72 373.296
1701.72 245.806
1636.68 198.972
1550.83 217.185
1500.96 326.382
1510.9 431.517

[Obstacle]
1142.82 747.13
1249.49 697.695
1279.36 594.826
1111.6 520.769
1072.58 565
1168.89 645.276
1051.77 689.889
1056.6 755.652

[Obstacle]
392.347 1061.94
313.966 996.321
399.819 928.673
483.069 928.673
444.938 843.628
328.472 856.415
222.911 946.886
241.122 1061.37
329.576 1110.8

[Obstacle]
1467.79 1771.7
1467.79 1688.96
1370.46 1688.96
1253.66 1650.03
1200.13 1581.89
1204.99 1445.61
1253.66 1367.73
1346.13 1343.4
1462.92 1348.26
1521.32 1440.74
1506.72 1533.21
1623.52 1557.55
1638.12 1435.87
1662.46 1353.13
1608.92 1260.65
1443.46 1226.58
1307.19 1202.25
1117.39 1323.93
1097.93 1484.54
1093.5 1641.01
1161.19 1742.5
1375.33 1781.44

[Obstacle]
977.03 1548.66
975.609 1484.73
251.134 1499.14
251.134 1557.55

[Obstacle]
1456.93 1101.77
1481.08 543.419
1429.95 567.572
1378.82 1098.93

[Obstacle]
612.369 1014.85
517.336 1080.41
630.952 1206.01
731.829 1179.46
867.217 1086.54
867.217 908.654
811.469 892.724
723.865 908.654
665.462 1006.89

[Obstacle]
1025.38 1117.56
1151.27 1054.68
1159.23 927.238
1071.63 858.21
986.677 919.273
981.368 1001.58

[Obstacle]
604.405 1298.93
469.017 1325.48
423.887 1375.93
555.685 1391.56
625.642 1338.76
721.21 1338.76
790.039 1390.14
917.656 1362.65
965.44 1306.9
922.965 1211.32
800.851 1237.87

[Obstacle]
447.74 1226.75
430.696 1165.66
352.578 1211.12
376.724 1280.74

[Obstacle]
511.98 1769.28
396.116 1658.06
289.541 1700.55
287.733 1780.13
345.603 1809.07

[Obstacle]
853.777 1707.79
755.459 1639.59
640.38 1696.93
739.835 1800.14

[Obstacle]
1330.75 885.976
1306.38 793.471
1246.95 877.452
1313.7 958.434

[Obstacle]
1657.2 828.695
1745.18 696.71
1679.2 652.714
1556.02 775.901
1595.61 872.69

