[INFO]
FORMAT=MAP_POINTS_CITY_POINTS
NAME=dense
TMAX=5000
VERSION=1.0
COMMENT=Load from simple-txt file '../data/planning/maps/dense/dense.txt.bbox'
COMMENT=Collinear points has been removed by the 'tmap_convert.cc' ver. 0.5
COMMENT=Created from file '../data/planning/maps/dense/dense.txt.bbox' by program ./tmap_convert version 0.5
COMMENT=Created from file 'maps/dense/dense.txt' by program ../map_tools/tmap_convert version 0.5
COMMENT=Convex partition created by map_partition.cc
COMMENT=visibility graphs created by tvisibility.cc
START_INDEX=0
END_INDEX=1

[MAP_POINTS]
0 -50 -50
1 2050 -50
2 2050 2100
3 -50 2100
4 362.281 523.81
5 271.746 489.283
6 244.589 397.994
7 302.554 364.868
8 397.782 385.572
9 418.484 468.388
10 447.636 505.978
11 153.501 228.222
12 116.238 199.236
13 145.221 120.562
14 223.887 91.576
15 290.133 108.139
16 325.439 153.274
17 265.291 199.236
18 236.145 264.223
19 189.274 289.797
20 675.185 228.222
21 596.721 228.574
22 584.098 153.688
23 737.291 79.1537
24 691.747 41.8866
25 737.291 41.8866
26 811.817 70.8721
27 770.413 149.547
28 729.01 186.814
29 565.751 452.039
30 513.113 412.228
31 550.975 344.164
32 633.782 323.46
33 683.466 335.882
34 695.887 414.557
35 662.764 410.417
36 550.043 801.005
37 513.712 646.441
38 579.957 559.485
39 660.828 624.832
40 646.203 696.131
41 662.764 795.51
42 749.712 704.412
43 770.413 559.485
44 745.571 501.514
45 815.957 439.402
46 882.203 443.543
47 977.431 505.655
48 936.027 584.33
49 890.484 683.709
50 907.045 762.383
51 836.659 770.665
52 273.571 667.145
53 326.952 592.022
54 406.063 609.174
55 432.156 707.236
56 306.694 778.947
57 207.326 758.243
58 91.3961 327.601
59 157.642 373.15
60 157.642 451.824
61 199.045 505.655
62 199.045 600.893
63 145.25 575.124
64 98.4245 514.968
65 66.554 451.824
66 45.8522 377.29
67 410.583 289.07
68 367.201 267.377
69 410.583 210.975
70 449.626 156.743
71 447.457 96.0032
72 484.331 91.6646
73 514.697 130.712
74 512.528 208.806
75 466.978 256.531
76 466.894 313.341
77 854.372 355.919
78 784.962 306.025
79 832.682 223.592
80 917.275 130.313
81 982.347 156.344
82 1066.94 208.407
83 971.501 295.179
84 928.12 345.072
85 1045.24 350.738
86 1049.5 417.513
87 1126.69 411.831
88 1129.04 336.531
89 1082.17 309.536
90 1779.94 114.533
91 1889.82 81.567
92 2038.15 213.432
93 1972.23 323.319
94 1928.28 499.139
95 1812.91 521.116
96 1823.89 367.274
97 1807.41 218.926
98 1840.37 603.532
99 1961.24 598.038
100 1939.26 729.903
101 1878.83 960.666
102 2005.19 1109.01
103 1862.35 1196.92
104 1774.45 1120
105 1670.07 960.666
106 1796.42 801.329
107 1779.94 1218.9
108 1900.81 1213.41
109 1906.3 1345.27
110 1873.34 1488.13
111 1999.69 1823.28
112 1944.76 1949.65
113 1779.94 1977.12
114 1708.52 2026.57
115 1648.09 1949.65
116 1768.96 1828.78
117 1867.84 1740.87
118 1807.41 1598.01
119 1714.02 1438.68
120 1801.92 1323.29
121 109.831 2037.56
122 49.3995 1977.12
123 181.25 1916.69
124 302.114 1960.64
125 516.372 1966.14
126 906.431 1861.74
127 1082.23 1905.7
128 1236.06 1933.17
129 1483.28 1927.67
130 1565.69 1922.18
131 1648.09 2037.56
132 1565.69 2043.06
133 988.837 2032.07
134 664.704 2059.54
135 549.334 2054.05
136 318.595 1982.62
137 258.164 2026.57
138 -5.53835 1916.69
139 21.9306 1674.93
140 -11.0321 1587.02
141 -5.53835 1405.71
142 43.9057 1218.9
143 5.44922 1158.46
144 -5.53835 971.655
145 5.44922 795.835
146 5.44922 696.936
147 -22.0197 576.06
148 -16.5259 477.162
149 82.3623 620.015
150 104.337 801.329
151 71.3747 1026.6
152 252.67 1202.42
153 208.719 1301.32
154 109.831 1312.31
155 65.8809 1471.64
156 131.806 1543.07
157 126.313 1685.92
158 115.325 1801.3
159 933.9 43.1064
160 1055.18 100.686
161 1184.43 75.1124
162 1291 65.0839
163 1389.88 87.0614
164 1519.63 86.4784
165 1653.59 70.5783
166 1741.49 114.533
167 1790.93 43.1064
168 1719.51 -11.8373
169 1367.91 21.1289
170 1208.59 -0.848542
171 1038.28 -0.848542
172 1225.62 461.557
173 1259.71 343.634
174 1194.42 266.621
175 1160.6 209.38
176 1194.42 157.343
177 1267.26 141.732
178 1332.3 141.732
179 1379.13 209.38
180 1355.71 253.611
181 1316.69 339.472
182 1366.12 443.546
183 1334.9 495.584
184 1510.9 431.517
185 1500.96 326.382
186 1550.83 217.185
187 1636.68 198.972
188 1701.72 245.806
189 1701.72 373.296
190 1696.97 438.621
191 1668.56 495.451
192 1573.4 501.134
193 1056.6 755.652
194 1051.77 689.889
195 1168.89 645.276
196 1072.58 565
197 1111.6 520.769
198 1279.36 594.826
199 1249.49 697.695
200 1142.82 747.13
201 329.576 1110.8
202 241.122 1061.37
203 222.911 946.886
204 328.472 856.415
205 444.938 843.628
206 483.069 928.673
207 399.819 928.673
208 313.966 996.321
209 392.347 1061.94
210 1375.33 1781.44
211 1161.19 1742.5
212 1093.5 1641.01
213 1097.93 1484.54
214 1117.39 1323.93
215 1307.19 1202.25
216 1443.46 1226.58
217 1608.92 1260.65
218 1662.46 1353.13
219 1638.12 1435.87
220 1623.52 1557.55
221 1506.72 1533.21
222 1521.32 1440.74
223 1462.92 1348.26
224 1346.13 1343.4
225 1253.66 1367.73
226 1204.99 1445.61
227 1200.13 1581.89
228 1253.66 1650.03
229 1370.46 1688.96
230 1467.79 1688.96
231 1467.79 1771.7
232 251.134 1557.55
233 251.134 1499.14
234 975.609 1484.73
235 977.03 1548.66
236 1378.82 1098.93
237 1429.95 567.572
238 1481.08 543.419
239 1456.93 1101.77
240 665.462 1006.89
241 723.865 908.654
242 811.469 892.724
243 867.217 908.654
244 867.217 1086.54
245 731.829 1179.46
246 630.952 1206.01
247 517.336 1080.41
248 612.369 1014.85
249 981.368 1001.58
250 986.677 919.273
251 1071.63 858.21
252 1159.23 927.238
253 1151.27 1054.68
254 1025.38 1117.56
255 800.851 1237.87
256 922.965 1211.32
257 965.44 1306.9
258 917.656 1362.65
259 790.039 1390.14
260 721.21 1338.76
261 625.642 1338.76
262 555.685 1391.56
263 423.887 1375.93
264 469.017 1325.48
265 604.405 1298.93
266 376.724 1280.74
267 352.578 1211.12
268 430.696 1165.66
269 447.74 1226.75
270 345.603 1809.07
271 287.733 1780.13
272 289.541 1700.55
273 396.116 1658.06
274 511.98 1769.28
275 739.835 1800.14
276 640.38 1696.93
277 755.459 1639.59
278 853.777 1707.79
279 1313.7 958.434
280 1246.95 877.452
281 1306.38 793.471
282 1330.75 885.976
283 1595.61 872.69
284 1556.02 775.901
285 1679.2 652.714
286 1745.18 696.71
287 1657.2 828.695

[MAP_BORDER]
0
1
2
3

[MAP_OBSTACLE]
10
9
8
7
6
5
4

[MAP_OBSTACLE]
19
18
17
16
15
14
13
12
11

[MAP_OBSTACLE]
28
27
26
25
24
23
22
21
20

[MAP_OBSTACLE]
35
34
33
32
31
30
29

[MAP_OBSTACLE]
41
40
39
38
37
36

[MAP_OBSTACLE]
51
50
49
48
47
46
45
44
43
42

[MAP_OBSTACLE]
57
56
55
54
53
52

[MAP_OBSTACLE]
66
65
64
63
62
61
60
59
58

[MAP_OBSTACLE]
76
75
74
73
72
71
70
69
68
67

[MAP_OBSTACLE]
84
83
82
81
80
79
78
77

[MAP_OBSTACLE]
85
86
87
88
89

[MAP_OBSTACLE]
97
96
95
94
93
92
91
90

[MAP_OBSTACLE]
106
105
104
103
102
101
100
99
98

[MAP_OBSTACLE]
120
119
118
117
116
115
114
113
112
111
110
109
108
107

[MAP_OBSTACLE]
137
136
135
134
133
132
131
130
129
128
127
126
125
124
123
122
121

[MAP_OBSTACLE]
158
157
156
155
154
153
152
151
150
149
148
147
146
145
144
143
142
141
140
139
138

[MAP_OBSTACLE]
159
160
161
162
163
164
165
166
167
168
169
170
171

[MAP_OBSTACLE]
183
182
181
180
179
178
177
176
175
174
173
172

[MAP_OBSTACLE]
192
191
190
189
188
187
186
185
184

[MAP_OBSTACLE]
200
199
198
197
196
195
194
193

[MAP_OBSTACLE]
209
208
207
206
205
204
203
202
201

[MAP_OBSTACLE]
231
230
229
228
227
226
225
224
223
222
221
220
219
218
217
216
215
214
213
212
211
210

[MAP_OBSTACLE]
235
234
233
232

[MAP_OBSTACLE]
239
238
237
236

[MAP_OBSTACLE]
248
247
246
245
244
243
242
241
240

[MAP_OBSTACLE]
254
253
252
251
250
249

[MAP_OBSTACLE]
265
264
263
262
261
260
259
258
257
256
255

[MAP_OBSTACLE]
269
268
267
266

[MAP_OBSTACLE]
274
273
272
271
270

[MAP_OBSTACLE]
278
277
276
275

[MAP_OBSTACLE]
282
281
280
279

[MAP_OBSTACLE]
287
286
285
284
283

[CITY_POINTS]
0 0 176 0
1 534 0 0 
2 341 217 24
3 23 1954 30
4 475 1604 8
5 917 1036 24
6 435 1913 14
7 1306 538 16
8 477 1432 26
9 1778 650 17
10 1671 1056 24
11 1403 1878 22
12 884 1743 10
13 564 1255 6
14 1773 1647 13
15 1011 545 29
16 1111 825 23
17 708 718 23
18 288 1144 5
19 1310 1615 27
20 1524 665 29
21 893 1434 15
22 379 793 8
23 1758 237 13
24 178 1537 16
25 195 687 32
26 336 2050 25
27 473 411 32
28 766 364 6
29 840 138 29
30 1911 2005 7
31 1966 0 34
32 2000 1183 3
33 2000 1673 23
34 2000 516 16
35 1965 911 0
36 -18 1896 17
37 -34 1498 13
38 -31 1098 14
39 -24 944 31
40 202 486 12
41 731 2076 7
42 1284 2076 35
43 1141 1788 20
44 742 40 7
45 1301 -23 22
46 1353 320 27
47 1645 1948 6
48 1995 1859 18
49 1200 1193.5 10
50 1339.5 135.5 22
51 523 904.5 23
52 1120 305.5 9
                         
                         
[MAP_CONVEX_REGION]      
REGION_LABEL 0           
0                        
1                        
168                      
170                      
171                      
                         
[MAP_CONVEX_REGION]      
REGION_LABEL 1           
0                        
171                      
25                       
24                       
                         
[MAP_CONVEX_REGION]
REGION_LABEL 2
0
24
72
71
15
14

[MAP_CONVEX_REGION]
REGION_LABEL 3
0
14
13

[MAP_CONVEX_REGION]
REGION_LABEL 4
0
13
12
66
148

[MAP_CONVEX_REGION]
REGION_LABEL 5
0
148
147

[MAP_CONVEX_REGION]
REGION_LABEL 6
0
147
144
141
140
3

[MAP_CONVEX_REGION]
REGION_LABEL 7
1
2
111
102
92

[MAP_CONVEX_REGION]
REGION_LABEL 8
1
92
91

[MAP_CONVEX_REGION]
REGION_LABEL 9
1
91
167
168

[MAP_CONVEX_REGION]
REGION_LABEL 10
2
3
134
132

[MAP_CONVEX_REGION]
REGION_LABEL 11
2
132
131

[MAP_CONVEX_REGION]
REGION_LABEL 12
2
131
114

[MAP_CONVEX_REGION]
REGION_LABEL 13
2
114
113
112

[MAP_CONVEX_REGION]
REGION_LABEL 14
2
112
111

[MAP_CONVEX_REGION]
REGION_LABEL 15
3
140
139
138

[MAP_CONVEX_REGION]
REGION_LABEL 16
3
138
158
122

[MAP_CONVEX_REGION]
REGION_LABEL 17
3
122
121

[MAP_CONVEX_REGION]
REGION_LABEL 18
3
121
137
135

[MAP_CONVEX_REGION]
REGION_LABEL 19
3
135
134

[MAP_CONVEX_REGION]
REGION_LABEL 20
10
9
8
30
29
38

[MAP_CONVEX_REGION]
REGION_LABEL 21
10
38
37
54
4

[MAP_CONVEX_REGION]
REGION_LABEL 22
8
7
68
67

[MAP_CONVEX_REGION]
REGION_LABEL 23
8
67
76
30

[MAP_CONVEX_REGION]
REGION_LABEL 24
7
6
19
18
68

[MAP_CONVEX_REGION]
REGION_LABEL 25
6
5
61
60
59
19

[MAP_CONVEX_REGION]
REGION_LABEL 26
5
4
53
52
62
61

[MAP_CONVEX_REGION]
REGION_LABEL 27
4
54
53

[MAP_CONVEX_REGION]
REGION_LABEL 28
19
59
58
11

[MAP_CONVEX_REGION]
REGION_LABEL 29
18
17
16
69
68

[MAP_CONVEX_REGION]
REGION_LABEL 30
16
15
71
70
69

[MAP_CONVEX_REGION]
REGION_LABEL 31
12
11
58
66

[MAP_CONVEX_REGION]
REGION_LABEL 32
28
27
79
78

[MAP_CONVEX_REGION]
REGION_LABEL 33
28
78
33
32
20

[MAP_CONVEX_REGION]
REGION_LABEL 34
27
26
159
80
79

[MAP_CONVEX_REGION]
REGION_LABEL 35
26
25
171
159

[MAP_CONVEX_REGION]
REGION_LABEL 36
24
23
22
73
72

[MAP_CONVEX_REGION]
REGION_LABEL 37
22
21
31
74
73

[MAP_CONVEX_REGION]
REGION_LABEL 38
21
20
32
31

[MAP_CONVEX_REGION]
REGION_LABEL 39
35
34
44
43
39
38
29

[MAP_CONVEX_REGION]
REGION_LABEL 40
34
33
78
77
45
44

[MAP_CONVEX_REGION]
REGION_LABEL 41
31
30
76
75
74

[MAP_CONVEX_REGION]
REGION_LABEL 42
41
40
42
51
242
241

[MAP_CONVEX_REGION]
REGION_LABEL 43
41
241
240
248
206
205
36

[MAP_CONVEX_REGION]
REGION_LABEL 44
40
39
43
42

[MAP_CONVEX_REGION]
REGION_LABEL 45
37
36
55
54

[MAP_CONVEX_REGION]
REGION_LABEL 46
36
205
204
56
55

[MAP_CONVEX_REGION]
REGION_LABEL 47
51
50
193
251
250
243
242

[MAP_CONVEX_REGION]
REGION_LABEL 48
50
49
48
194
193

[MAP_CONVEX_REGION]
REGION_LABEL 49
48
47
196
195
194

[MAP_CONVEX_REGION]
REGION_LABEL 50
47
46
84
86
197
196

[MAP_CONVEX_REGION]
REGION_LABEL 51
46
45
77
84

[MAP_CONVEX_REGION]
REGION_LABEL 52
57
56
204
203
150

[MAP_CONVEX_REGION]
REGION_LABEL 53
57
150
149
63
62
52

[MAP_CONVEX_REGION]
REGION_LABEL 54
66
65
148

[MAP_CONVEX_REGION]
REGION_LABEL 55
65
64
148

[MAP_CONVEX_REGION]
REGION_LABEL 56
64
63
149
148

[MAP_CONVEX_REGION]
REGION_LABEL 57
84
83
85
86

[MAP_CONVEX_REGION]
REGION_LABEL 58
83
82
175
89
85

[MAP_CONVEX_REGION]
REGION_LABEL 59
82
81
160
161
176
175

[MAP_CONVEX_REGION]
REGION_LABEL 60
81
80
159
160

[MAP_CONVEX_REGION]
REGION_LABEL 61
86
87
172
197

[MAP_CONVEX_REGION]
REGION_LABEL 62
87
88
173
172

[MAP_CONVEX_REGION]
REGION_LABEL 63
88
89
174
173

[MAP_CONVEX_REGION]
REGION_LABEL 64
89
175
174

[MAP_CONVEX_REGION]
REGION_LABEL 65
97
96
189
188
166
90

[MAP_CONVEX_REGION]
REGION_LABEL 66
96
95
190
189

[MAP_CONVEX_REGION]
REGION_LABEL 67
95
94
98
286
285

[MAP_CONVEX_REGION]
REGION_LABEL 68
95
285
191
190

[MAP_CONVEX_REGION]
REGION_LABEL 69
94
93
92
99

[MAP_CONVEX_REGION]
REGION_LABEL 70
94
99
98

[MAP_CONVEX_REGION]
REGION_LABEL 71
92
102
100
99

[MAP_CONVEX_REGION]
REGION_LABEL 72
91
90
166
167

[MAP_CONVEX_REGION]
REGION_LABEL 73
106
105
287
286
98

[MAP_CONVEX_REGION]
REGION_LABEL 74
105
104
217
216
239
283

[MAP_CONVEX_REGION]
REGION_LABEL 75
105
283
287

[MAP_CONVEX_REGION]
REGION_LABEL 76
104
103
107
217

[MAP_CONVEX_REGION]
REGION_LABEL 77
103
102
108

[MAP_CONVEX_REGION]
REGION_LABEL 78
103
108
107

[MAP_CONVEX_REGION]
REGION_LABEL 79
102
101
100

[MAP_CONVEX_REGION]
REGION_LABEL 80
102
111
109
108

[MAP_CONVEX_REGION]
REGION_LABEL 81
120
119
218
217
107

[MAP_CONVEX_REGION]
REGION_LABEL 82
119
118
117
116
220
219
218

[MAP_CONVEX_REGION]
REGION_LABEL 83
116
115
130
231
230
220

[MAP_CONVEX_REGION]
REGION_LABEL 84
115
114
131
130

[MAP_CONVEX_REGION]
REGION_LABEL 85
111
110
109

[MAP_CONVEX_REGION]
REGION_LABEL 86
137
136
135

[MAP_CONVEX_REGION]
REGION_LABEL 87
134
133
132

[MAP_CONVEX_REGION]
REGION_LABEL 88
130
129
128
210
231

[MAP_CONVEX_REGION]
REGION_LABEL 89
128
127
126
211
210

[MAP_CONVEX_REGION]
REGION_LABEL 90
126
125
124
270
274
275

[MAP_CONVEX_REGION]
REGION_LABEL 91
126
275
278
212
211

[MAP_CONVEX_REGION]
REGION_LABEL 92
124
123
271
270

[MAP_CONVEX_REGION]
REGION_LABEL 93
123
122
158
271

[MAP_CONVEX_REGION]
REGION_LABEL 94
158
157
271

[MAP_CONVEX_REGION]
REGION_LABEL 95
157
156
232
272
271

[MAP_CONVEX_REGION]
REGION_LABEL 96
156
155
154
153
233
232

[MAP_CONVEX_REGION]
REGION_LABEL 97
153
152
266
263
233

[MAP_CONVEX_REGION]
REGION_LABEL 98
152
151
202
201
267

[MAP_CONVEX_REGION]
REGION_LABEL 99
152
267
266

[MAP_CONVEX_REGION]
REGION_LABEL 100
151
150
203
202

[MAP_CONVEX_REGION]
REGION_LABEL 101
147
146
145
144

[MAP_CONVEX_REGION]
REGION_LABEL 102
144
143
141

[MAP_CONVEX_REGION]
REGION_LABEL 103
143
142
141

[MAP_CONVEX_REGION]
REGION_LABEL 104
161
162
177
176

[MAP_CONVEX_REGION]
REGION_LABEL 105
162
163
178
177

[MAP_CONVEX_REGION]
REGION_LABEL 106
163
164
179
178

[MAP_CONVEX_REGION]
REGION_LABEL 107
164
165
166
187
186
179

[MAP_CONVEX_REGION]
REGION_LABEL 108
166
188
187

[MAP_CONVEX_REGION]
REGION_LABEL 109
168
169
170

[MAP_CONVEX_REGION]
REGION_LABEL 110
183
182
237
281
199
198

[MAP_CONVEX_REGION]
REGION_LABEL 111
183
198
197
172

[MAP_CONVEX_REGION]
REGION_LABEL 112
182
181
180
179
185
184
238
237

[MAP_CONVEX_REGION]
REGION_LABEL 113
179
186
185

[MAP_CONVEX_REGION]
REGION_LABEL 114
192
191
285
284
238

[MAP_CONVEX_REGION]
REGION_LABEL 115
192
238
184

[MAP_CONVEX_REGION]
REGION_LABEL 116
200
199
281
280
252
251

[MAP_CONVEX_REGION]
REGION_LABEL 117
200
251
193

[MAP_CONVEX_REGION]
REGION_LABEL 118
209
208
207
206
248
247

[MAP_CONVEX_REGION]
REGION_LABEL 119
209
247
268
267
201

[MAP_CONVEX_REGION]
REGION_LABEL 120
230
229
228
227
221
220

[MAP_CONVEX_REGION]
REGION_LABEL 121
227
226
225
224
223
222
221

[MAP_CONVEX_REGION]
REGION_LABEL 122
216
215
236
239

[MAP_CONVEX_REGION]
REGION_LABEL 123
215
214
254
253
236

[MAP_CONVEX_REGION]
REGION_LABEL 124
214
213
234
257
254

[MAP_CONVEX_REGION]
REGION_LABEL 125
213
212
235
234

[MAP_CONVEX_REGION]
REGION_LABEL 126
212
278
277
235

[MAP_CONVEX_REGION]
REGION_LABEL 127
235
277
273
232

[MAP_CONVEX_REGION]
REGION_LABEL 128
234
233
262
259

[MAP_CONVEX_REGION]
REGION_LABEL 129
234
259
258

[MAP_CONVEX_REGION]
REGION_LABEL 130
234
258
257

[MAP_CONVEX_REGION]
REGION_LABEL 131
233
263
262

[MAP_CONVEX_REGION]
REGION_LABEL 132
232
273
272

[MAP_CONVEX_REGION]
REGION_LABEL 133
239
238
284

[MAP_CONVEX_REGION]
REGION_LABEL 134
239
284
283

[MAP_CONVEX_REGION]
REGION_LABEL 135
237
236
279
282

[MAP_CONVEX_REGION]
REGION_LABEL 136
237
282
281

[MAP_CONVEX_REGION]
REGION_LABEL 137
236
253
252
280
279

[MAP_CONVEX_REGION]
REGION_LABEL 138
247
246
265
269
268

[MAP_CONVEX_REGION]
REGION_LABEL 139
246
245
265

[MAP_CONVEX_REGION]
REGION_LABEL 140
245
244
255
265

[MAP_CONVEX_REGION]
REGION_LABEL 141
244
243
249
254
256

[MAP_CONVEX_REGION]
REGION_LABEL 142
244
256
255

[MAP_CONVEX_REGION]
REGION_LABEL 143
243
250
249

[MAP_CONVEX_REGION]
REGION_LABEL 144
254
257
256

[MAP_CONVEX_REGION]
REGION_LABEL 145
265
264
269

[MAP_CONVEX_REGION]
REGION_LABEL 146
264
263
266
269

[MAP_CONVEX_REGION]
REGION_LABEL 147
262
261
260
259

[MAP_CONVEX_REGION]
REGION_LABEL 148
274
273
276
275

[MAP_CONVEX_REGION]
REGION_LABEL 149
273
277
276

[MAP_VISIBILITY_GRAPH]
MAP_VERTEX 0
1
168
170
171
159
25
24
23
72
71
70
15
14
13
12
6
5
53
59
58
66
149
148
147
144
141
140
138
3

[MAP_VISIBILITY_GRAPH]
MAP_VERTEX 1
2
111
102
92
91
90
187
186
166
167
168
169
170
171
0

[MAP_VISIBILITY_GRAPH]
MAP_VERTEX 2
134
133
132
131
114
113
112
111
108
102
93
92
1
3

[MAP_VISIBILITY_GRAPH]
MAP_VERTEX 3
0
147
144
143
141
140
139
138
158
232
122
121
137
135
134
132
2

[MAP_VISIBILITY_GRAPH]
MAP_VERTEX 4
61
60
5
10
45
44
43
38
37
36
240
54
53
52
57
150
62

[MAP_VISIBILITY_GRAPH]
MAP_VERTEX 5
60
59
0
12
11
19
6
4
37
54
53
52
57
151
150
62
61

[MAP_VISIBILITY_GRAPH]
MAP_VERTEX 6
59
58
0
12
11
19
18
17
16
71
70
69
68
67
7
5
52
57
62
61
60

[MAP_VISIBILITY_GRAPH]
MAP_VERTEX 7
58
19
18
17
16
71
68
67
76
79
32
31
8
6
59

[MAP_VISIBILITY_GRAPH]
MAP_VERTEX 8
7
19
18
17
16
68
67
76
21
20
80
79
31
30
29
43
42
250
39
38
37
10
9

[MAP_VISIBILITY_GRAPH]
MAP_VERTEX 9
8
67
76
74
22
21
31
30
29
86
87
45
44
43
38
10

[MAP_VISIBILITY_GRAPH]
MAP_VERTEX 10
9
8
16
68
67
76
74
22
21
31
30
29
35
34
84
174
89
85
45
44
43
38
37
36
248
247
206
205
55
54
53
62
4

[MAP_VISIBILITY_GRAPH]
MAP_VERTEX 11
12
19
6
5
52
61
59
58
66

[MAP_VISIBILITY_GRAPH]
MAP_VERTEX 12
0
13
11
19
6
5
52
61
59
58
66
148

[MAP_VISIBILITY_GRAPH]
MAP_VERTEX 13
0
14
12
66
148

[MAP_VISIBILITY_GRAPH]
MAP_VERTEX 14
0
171
24
23
72
71
15
13

[MAP_VISIBILITY_GRAPH]
MAP_VERTEX 15
14
0
24
72
71
70
69
16

[MAP_VISIBILITY_GRAPH]
MAP_VERTEX 16
15
71
70
69
68
36
10
8
7
6
61
60
59
18
17

[MAP_VISIBILITY_GRAPH]
MAP_VERTEX 17
16
71
70
69
68
30
42
39
38
8
7
6
62
61
60
18

[MAP_VISIBILITY_GRAPH]
MAP_VERTEX 18
17
16
71
70
69
68
67
76
31
30
29
8
7
6
57
62
61
60
59
19

[MAP_VISIBILITY_GRAPH]
MAP_VERTEX 19
12
11
18
70
69
68
67
76
31
30
29
8
7
6
5
52
61
60
59
58

[MAP_VISIBILITY_GRAPH]
MAP_VERTEX 20
28
159
80
79
78
77
196
47
46
45
44
42
34
33
32
31
8
76
75
21

[MAP_VISIBILITY_GRAPH]
MAP_VERTEX 21
74
73
72
22
20
78
77
198
197
196
47
46
45
33
32
31
30
54
10
9
8
76
75

[MAP_VISIBILITY_GRAPH]
MAP_VERTEX 22
73
72
24
23
21
31
30
10
9
76
75
74

[MAP_VISIBILITY_GRAPH]
MAP_VERTEX 23
0
24
22
73
72
14

[MAP_VISIBILITY_GRAPH]
MAP_VERTEX 24
0
171
25
23
22
75
74
73
72
71
15
14

[MAP_VISIBILITY_GRAPH]
MAP_VERTEX 25
0
171
159
160
177
176
26
24

[MAP_VISIBILITY_GRAPH]
MAP_VERTEX 26
25
171
159
160
178
177
176
175
81
80
79
78
44
240
41
40
39
34
33
27

[MAP_VISIBILITY_GRAPH]
MAP_VERTEX 27
26
159
160
162
80
79
78
44
240
41
40
39
34
33
32
28

[MAP_VISIBILITY_GRAPH]
MAP_VERTEX 28
27
159
80
79
78
45
44
42
241
240
41
34
33
32
31
20

[MAP_VISIBILITY_GRAPH]
MAP_VERTEX 29
8
19
18
30
35
34
89
85
86
45
44
43
42
254
243
242
39
38
37
205
55
54
53
10
9

[MAP_VISIBILITY_GRAPH]
MAP_VERTEX 30
8
19
18
17
68
67
76
75
74
73
22
21
31
29
42
249
254
243
39
38
37
264
206
205
55
54
10
9

[MAP_VISIBILITY_GRAPH]
MAP_VERTEX 31
58
19
18
76
75
74
73
22
21
20
28
159
80
79
32
30
10
9
8
7
59

[MAP_VISIBILITY_GRAPH]
MAP_VERTEX 32
76
75
74
73
21
20
28
27
159
80
79
78
77
86
172
183
33
31
7
59
58

[MAP_VISIBILITY_GRAPH]
MAP_VERTEX 33
32
75
74
73
72
21
20
28
27
26
159
80
79
78
77
86
172
183
238
237
197
46
45
44
42
34

[MAP_VISIBILITY_GRAPH]
MAP_VERTEX 34
35
33
20
28
27
26
159
79
78
77
84
174
89
85
86
172
183
99
46
45
44
43
42
241
240
41
39
38
204
203
55
54
53
62
10
29

[MAP_VISIBILITY_GRAPH]
MAP_VERTEX 35
34
183
99
46
45
44
43
42
241
240
41
39
38
37
204
55
54
53
10
29

[MAP_VISIBILITY_GRAPH]
MAP_VERTEX 36
56
55
54
4
10
16
68
67
37
41
281
251
250
243
242
241
240
248
247
264
263
269
268
267
206
205
204
150

[MAP_VISIBILITY_GRAPH]
MAP_VERTEX 37
54
61
60
5
4
10
8
68
67
76
75
74
30
29
35
38
36
247
264
206
205
204
203
151
55

[MAP_VISIBILITY_GRAPH]
MAP_VERTEX 38
61
4
10
9
8
17
68
67
76
30
29
35
34
78
77
84
175
45
44
43
39
37
204
203
55
54
53
149
62

[MAP_VISIBILITY_GRAPH]
MAP_VERTEX 39
38
8
17
68
67
30
29
35
34
27
26
78
44
43
42
250
249
254
243
242
241
240
41
40

[MAP_VISIBILITY_GRAPH]
MAP_VERTEX 40
39
27
26
78
44
43
42
51
250
249
243
242
241
41

[MAP_VISIBILITY_GRAPH]
MAP_VERTEX 41
40
39
35
34
28
27
26
78
44
43
42
51
50
193
200
281
280
251
250
243
242
241
240
248
247
268
267
155
153
152
209
206
205
204
36

[MAP_VISIBILITY_GRAPH]
MAP_VERTEX 42
40
39
8
17
68
67
30
29
35
34
33
20
28
44
43
51
250
249
254
214
243
242
241
240
248
247
268
267
155
153
41

[MAP_VISIBILITY_GRAPH]
MAP_VERTEX 43
4
10
9
8
29
35
34
44
42
240
248
41
40
39
38

[MAP_VISIBILITY_GRAPH]
MAP_VERTEX 44
9
29
35
34
33
20
28
27
26
78
77
45
43
42
241
240
248
41
40
39
38
54
53
62
4
10

[MAP_VISIBILITY_GRAPH]
MAP_VERTEX 45
35
34
33
21
20
28
78
77
84
162
176
175
89
85
86
87
172
46
44
38
54
53
62
4
10
9
29

[MAP_VISIBILITY_GRAPH]
MAP_VERTEX 46
45
35
34
33
74
21
20
78
77
84
83
82
161
162
176
175
89
85
86
87
172
183
99
238
237
197
196
47

[MAP_VISIBILITY_GRAPH]
MAP_VERTEX 47
46
21
20
78
77
84
83
82
85
86
87
173
172
183
192
95
238
197
196
195
194
193
251
250
249
235
234
257
256
244
243
50
49
48

[MAP_VISIBILITY_GRAPH]
MAP_VERTEX 48
47
86
87
173
172
197
196
195
194
193
252
251
250
249
234
257
256
244
50
49

[MAP_VISIBILITY_GRAPH]
MAP_VERTEX 49
48
47
86
87
173
197
196
195
194
193
280
279
236
252
251
250
249
213
212
50

[MAP_VISIBILITY_GRAPH]
MAP_VERTEX 50
49
48
47
82
85
86
87
196
194
193
281
280
279
251
250
249
213
212
127
257
256
244
243
242
241
153
152
201
209
208
206
205
204
41
51

[MAP_VISIBILITY_GRAPH]
MAP_VERTEX 51
40
42
50
193
281
280
251
250
249
254
214
213
212
257
243
242
241
248
247
267
155
153
152
201
209
206
205
204
41

[MAP_VISIBILITY_GRAPH]
MAP_VERTEX 52
149
148
63
62
61
59
12
11
19
6
5
4
53
57
150

[MAP_VISIBILITY_GRAPH]
MAP_VERTEX 53
61
60
59
0
5
4
10
29
35
34
77
84
174
89
85
45
44
38
54
52
57
150
149
62

[MAP_VISIBILITY_GRAPH]
MAP_VERTEX 54
53
61
60
5
4
10
21
30
29
35
34
77
84
89
45
44
38
37
36
240
248
55

[MAP_VISIBILITY_GRAPH]
MAP_VERTEX 55
54
10
76
74
30
29
35
34
38
37
36
240
248
206
205
204
203
151
56

[MAP_VISIBILITY_GRAPH]
MAP_VERTEX 56
57
55
36
251
250
242
241
205
204
203
151
150

[MAP_VISIBILITY_GRAPH]
MAP_VERTEX 57
149
148
65
64
63
62
61
18
6
5
4
53
52
56
242
241
205
204
203
151
150

[MAP_VISIBILITY_GRAPH]
MAP_VERTEX 58
0
12
11
19
69
68
67
76
78
32
31
7
6
59
66

[MAP_VISIBILITY_GRAPH]
MAP_VERTEX 59
58
0
12
11
19
18
16
71
70
69
68
67
76
78
32
31
7
6
5
53
52
61
60

[MAP_VISIBILITY_GRAPH]
MAP_VERTEX 60
59
19
18
17
16
71
70
69
68
67
6
5
4
37
54
53
61

[MAP_VISIBILITY_GRAPH]
MAP_VERTEX 61
60
59
12
11
19
18
17
16
6
5
4
38
37
54
53
52
57
62

[MAP_VISIBILITY_GRAPH]
MAP_VERTEX 62
63
61
18
17
6
5
4
10
34
77
84
174
89
85
45
44
38
53
52
57
151
150
149

[MAP_VISIBILITY_GRAPH]
MAP_VERTEX 63
148
64
62
52
57
203
202
152
151
150
149

[MAP_VISIBILITY_GRAPH]
MAP_VERTEX 64
148
65
63
57
203
202
152
150
149

[MAP_VISIBILITY_GRAPH]
MAP_VERTEX 65
66
64
57
203
202
152
150
149
148

[MAP_VISIBILITY_GRAPH]
MAP_VERTEX 66
0
13
12
11
58
65
152
149
148

[MAP_VISIBILITY_GRAPH]
MAP_VERTEX 67
18
68
76
30
42
249
39
38
37
36
10
9
8
7
6
60
59
58
19

[MAP_VISIBILITY_GRAPH]
MAP_VERTEX 68
18
17
16
71
70
69
67
30
42
249
39
38
37
36
10
8
7
6
60
59
58
19

[MAP_VISIBILITY_GRAPH]
MAP_VERTEX 69
17
16
15
71
70
68
6
60
59
58
19
18

[MAP_VISIBILITY_GRAPH]
MAP_VERTEX 70
16
15
0
71
69
68
6
60
59
19
18
17

[MAP_VISIBILITY_GRAPH]
MAP_VERTEX 71
14
0
24
72
70
69
68
7
6
60
59
18
17
16
15

[MAP_VISIBILITY_GRAPH]
MAP_VERTEX 72
14
0
24
23
22
21
33
73
71
15

[MAP_VISIBILITY_GRAPH]
MAP_VERTEX 73
72
24
23
22
21
33
32
31
30
74

[MAP_VISIBILITY_GRAPH]
MAP_VERTEX 74
73
24
22
21
78
77
198
197
46
33
32
31
30
37
264
206
205
55
10
9
76
75

[MAP_VISIBILITY_GRAPH]
MAP_VERTEX 75
74
24
22
21
20
79
78
77
86
238
237
33
32
31
30
37
247
206
76

[MAP_VISIBILITY_GRAPH]
MAP_VERTEX 76
19
18
67
75
74
22
21
20
80
79
78
32
31
30
38
37
247
206
205
55
10
9
8
7
59
58

[MAP_VISIBILITY_GRAPH]
MAP_VERTEX 77
33
32
75
74
21
20
78
84
85
86
237
198
197
196
47
46
45
44
38
54
53
62
34

[MAP_VISIBILITY_GRAPH]
MAP_VERTEX 78
75
74
21
20
28
27
26
159
79
77
196
47
46
45
44
248
41
40
39
38
34
33
32
59
58
76

[MAP_VISIBILITY_GRAPH]
MAP_VERTEX 79
28
27
26
159
80
78
34
33
32
31
8
7
76
75
20

[MAP_VISIBILITY_GRAPH]
MAP_VERTEX 80
26
159
160
161
162
163
164
166
90
178
177
176
175
81
79
33
32
31
8
76
20
28
27

[MAP_VISIBILITY_GRAPH]
MAP_VERTEX 81
80
26
159
160
161
162
163
164
165
166
90
177
176
175
174
82

[MAP_VISIBILITY_GRAPH]
MAP_VERTEX 82
81
159
160
161
162
176
175
174
173
172
198
88
89
85
244
243
50
47
46
84
83

[MAP_VISIBILITY_GRAPH]
MAP_VERTEX 83
82
162
176
175
174
89
85
86
197
196
194
193
251
47
46
84

[MAP_VISIBILITY_GRAPH]
MAP_VERTEX 84
83
82
162
176
175
174
89
85
86
198
197
196
194
193
47
46
45
38
54
53
62
10
34
77

[MAP_VISIBILITY_GRAPH]
MAP_VERTEX 85
84
83
82
161
176
175
89
86
194
250
256
244
243
50
47
46
45
53
62
10
29
34
77

[MAP_VISIBILITY_GRAPH]
MAP_VERTEX 86
34
33
32
75
77
84
83
85
87
172
183
238
237
198
197
196
194
250
256
244
243
50
49
48
47
46
45
9
29

[MAP_VISIBILITY_GRAPH]
MAP_VERTEX 87
88
175
174
173
172
237
198
197
196
244
243
50
49
48
47
46
45
9
86

[MAP_VISIBILITY_GRAPH]
MAP_VERTEX 88
89
82
160
161
175
174
173
172
198
87

[MAP_VISIBILITY_GRAPH]
MAP_VERTEX 89
83
82
160
161
176
175
174
173
88
85
46
45
54
53
62
10
29
34
84

[MAP_VISIBILITY_GRAPH]
MAP_VERTEX 90
167
1
91
97
96
95
106
286
285
190
189
188
187
186
180
179
178
177
81
80
166

[MAP_VISIBILITY_GRAPH]
MAP_VERTEX 91
167
168
1
92
90
179
166

[MAP_VISIBILITY_GRAPH]
MAP_VERTEX 92
91
1
2
111
102
100
99
94
93

[MAP_VISIBILITY_GRAPH]
MAP_VERTEX 93
92
2
102
99
94

[MAP_VISIBILITY_GRAPH]
MAP_VERTEX 94
93
92
99
98
286
285
95

[MAP_VISIBILITY_GRAPH]
MAP_VERTEX 95
197
47
183
192
191
190
189
188
165
166
90
97
96
94
99
98
106
105
286
285
238

[MAP_VISIBILITY_GRAPH]
MAP_VERTEX 96
188
165
166
90
97
95
286
285
284
191
190
189

[MAP_VISIBILITY_GRAPH]
MAP_VERTEX 97
187
178
161
162
163
164
165
166
90
96
95
106
286
285
284
191
190
189
188

[MAP_VISIBILITY_GRAPH]
MAP_VERTEX 98
238
183
182
192
191
190
189
188
165
95
94
99
106
105
216
239
287
286
285

[MAP_VISIBILITY_GRAPH]
MAP_VERTEX 99
238
46
35
34
183
192
191
95
94
93
92
102
100
98

[MAP_VISIBILITY_GRAPH]
MAP_VERTEX 100
99
92
102
101

[MAP_VISIBILITY_GRAPH]
MAP_VERTEX 101
100
102

[MAP_VISIBILITY_GRAPH]
MAP_VERTEX 102
101
100
99
93
92
1
2
111
110
109
108
103

[MAP_VISIBILITY_GRAPH]
MAP_VERTEX 103
245
254
253
236
239
104
102
108
107
217
216
215
246

[MAP_VISIBILITY_GRAPH]
MAP_VERTEX 104
254
236
239
283
105
103
107
119
130
220
219
218
217
216
215
256
269
246
245

[MAP_VISIBILITY_GRAPH]
MAP_VERTEX 105
283
287
286
95
98
106
104
107
120
119
218
217
216
215
239

[MAP_VISIBILITY_GRAPH]
MAP_VERTEX 106
286
191
190
189
188
166
90
97
95
98
105
216
239
283
287

[MAP_VISIBILITY_GRAPH]
MAP_VERTEX 107
215
245
254
253
236
239
283
105
104
103
108
120
119
130
129
220
219
218
217
216

[MAP_VISIBILITY_GRAPH]
MAP_VERTEX 108
215
245
254
253
236
239
103
102
2
111
109
107
216

[MAP_VISIBILITY_GRAPH]
MAP_VERTEX 109
108
102
111
110

[MAP_VISIBILITY_GRAPH]
MAP_VERTEX 110
109
102
111

[MAP_VISIBILITY_GRAPH]
MAP_VERTEX 111
110
109
108
102
92
1
2
112

[MAP_VISIBILITY_GRAPH]
MAP_VERTEX 112
111
2
114
113

[MAP_VISIBILITY_GRAPH]
MAP_VERTEX 113
112
2
114

[MAP_VISIBILITY_GRAPH]
MAP_VERTEX 114
130
210
231
115
113
112
2
131

[MAP_VISIBILITY_GRAPH]
MAP_VERTEX 115
130
277
211
210
231
230
225
224
221
220
219
218
119
118
116
114
131

[MAP_VISIBILITY_GRAPH]
MAP_VERTEX 116
270
275
210
231
230
226
225
221
220
219
218
163
284
283
119
118
117
115
130
129
128
127
126

[MAP_VISIBILITY_GRAPH]
MAP_VERTEX 117
230
228
227
226
221
220
219
218
119
118
116
130
129
128
127
126
123
138
210
231

[MAP_VISIBILITY_GRAPH]
MAP_VERTEX 118
227
221
220
219
218
217
119
117
116
115
130
129
128
231
230
229
228

[MAP_VISIBILITY_GRAPH]
MAP_VERTEX 119
219
218
217
238
163
284
283
287
105
104
107
120
118
117
116
115
130
129
231
220

[MAP_VISIBILITY_GRAPH]
MAP_VERTEX 120
217
253
236
239
283
105
107
119
219
218

[MAP_VISIBILITY_GRAPH]
MAP_VERTEX 121
122
137
135
134
3

[MAP_VISIBILITY_GRAPH]
MAP_VERTEX 122
138
158
267
233
232
272
271
270
123
121
3

[MAP_VISIBILITY_GRAPH]
MAP_VERTEX 123
158
157
156
154
153
152
233
232
272
271
270
274
275
211
210
231
117
126
125
124
122
138

[MAP_VISIBILITY_GRAPH]
MAP_VERTEX 124
123
158
157
156
154
153
232
271
270
274
276
275
211
210
126
125

[MAP_VISIBILITY_GRAPH]
MAP_VERTEX 125
124
123
158
157
271
270
274
276
275
212
211
126

[MAP_VISIBILITY_GRAPH]
MAP_VERTEX 126
158
270
274
275
278
235
253
183
182
164
280
214
213
212
211
210
231
117
116
130
129
128
127
125
124
123
138

[MAP_VISIBILITY_GRAPH]
MAP_VERTEX 127
126
275
278
235
234
257
50
249
254
213
212
211
210
231
117
116
130
129
128

[MAP_VISIBILITY_GRAPH]
MAP_VERTEX 128
127
126
274
275
278
277
235
234
258
212
211
210
231
118
117
116
130
129

[MAP_VISIBILITY_GRAPH]
MAP_VERTEX 129
127
126
274
275
278
277
211
210
231
230
223
221
220
107
119
118
117
116
130
128

[MAP_VISIBILITY_GRAPH]
MAP_VERTEX 130
127
126
270
274
275
278
277
211
210
231
230
224
223
221
220
218
104
107
119
118
117
116
115
114
131
129
128

[MAP_VISIBILITY_GRAPH]
MAP_VERTEX 131
130
231
230
224
221
220
219
115
114
2
132

[MAP_VISIBILITY_GRAPH]
MAP_VERTEX 132
133
131
2
3
134

[MAP_VISIBILITY_GRAPH]
MAP_VERTEX 133
132
2
134

[MAP_VISIBILITY_GRAPH]
MAP_VERTEX 134
121
135
133
132
2
3

[MAP_VISIBILITY_GRAPH]
MAP_VERTEX 135
121
137
136
134
3

[MAP_VISIBILITY_GRAPH]
MAP_VERTEX 136
135
137

[MAP_VISIBILITY_GRAPH]
MAP_VERTEX 137
136
135
3
121

[MAP_VISIBILITY_GRAPH]
MAP_VERTEX 138
0
140
139
158
272
271
270
274
275
211
210
117
126
123
122
3

[MAP_VISIBILITY_GRAPH]
MAP_VERTEX 139
140
138
3

[MAP_VISIBILITY_GRAPH]
MAP_VERTEX 140
0
147
144
141
139
138
3

[MAP_VISIBILITY_GRAPH]
MAP_VERTEX 141
0
147
144
143
142
140
3

[MAP_VISIBILITY_GRAPH]
MAP_VERTEX 142
143
141

[MAP_VISIBILITY_GRAPH]
MAP_VERTEX 143
144
142
141
3

[MAP_VISIBILITY_GRAPH]
MAP_VERTEX 144
0
147
146
145
143
141
140
3

[MAP_VISIBILITY_GRAPH]
MAP_VERTEX 145
147
146
144

[MAP_VISIBILITY_GRAPH]
MAP_VERTEX 146
147
145
144

[MAP_VISIBILITY_GRAPH]
MAP_VERTEX 147
0
148
146
145
144
141
140
3

[MAP_VISIBILITY_GRAPH]
MAP_VERTEX 148
0
13
12
66
65
64
63
52
57
149
147

[MAP_VISIBILITY_GRAPH]
MAP_VERTEX 149
148
0
66
65
64
63
62
38
53
52
57
203
202
152
150

[MAP_VISIBILITY_GRAPH]
MAP_VERTEX 150
149
65
64
63
62
5
4
53
52
57
56
36
251
205
204
203
202
152
151

[MAP_VISIBILITY_GRAPH]
MAP_VERTEX 151
150
63
62
5
57
56
55
37
204
203
202
201
268
267
266
152

[MAP_VISIBILITY_GRAPH]
MAP_VERTEX 152
151
150
149
66
65
64
63
203
202
201
209
41
51
50
194
241
248
247
268
267
266
263
233
123
158
157
156
153

[MAP_VISIBILITY_GRAPH]
MAP_VERTEX 153
152
201
209
41
42
51
50
241
247
267
266
255
265
264
263
233
232
271
124
123
158
157
156
155
154

[MAP_VISIBILITY_GRAPH]
MAP_VERTEX 154
153
255
265
264
263
233
232
272
271
124
123
156
155

[MAP_VISIBILITY_GRAPH]
MAP_VERTEX 155
154
153
41
42
51
267
266
246
245
254
264
263
262
259
213
234
233
232
275
273
272
156

[MAP_VISIBILITY_GRAPH]
MAP_VERTEX 156
155
154
153
152
201
209
206
267
266
269
246
264
263
233
232
277
276
275
273
272
271
124
123
157

[MAP_VISIBILITY_GRAPH]
MAP_VERTEX 157
156
153
152
201
209
206
267
266
233
232
235
273
272
271
125
124
123
158

[MAP_VISIBILITY_GRAPH]
MAP_VERTEX 158
157
153
152
201
209
267
233
232
272
271
270
126
125
124
123
122
3
138

[MAP_VISIBILITY_GRAPH]
MAP_VERTEX 159
25
0
171
160
175
174
173
82
81
80
79
78
34
33
32
31
20
28
27
26

[MAP_VISIBILITY_GRAPH]
MAP_VERTEX 160
26
25
159
161
162
163
164
166
178
177
176
175
174
172
198
88
89
82
81
80
27

[MAP_VISIBILITY_GRAPH]
MAP_VERTEX 161
162
163
166
97
187
186
178
177
176
175
88
89
85
46
82
81
80
160

[MAP_VISIBILITY_GRAPH]
MAP_VERTEX 162
163
97
187
186
185
179
178
177
176
46
45
84
83
82
81
80
27
160
161

[MAP_VISIBILITY_GRAPH]
MAP_VERTEX 163
161
162
164
166
97
187
186
185
184
284
119
116
218
238
237
236
182
179
178
177
176
81
80
160

[MAP_VISIBILITY_GRAPH]
MAP_VERTEX 164
165
166
97
188
187
186
185
238
237
215
279
282
281
280
126
235
253
252
182
181
180
179
178
177
176
81
80
160
163

[MAP_VISIBILITY_GRAPH]
MAP_VERTEX 165
166
97
96
95
98
188
187
186
198
183
182
181
180
179
178
177
81
164

[MAP_VISIBILITY_GRAPH]
MAP_VERTEX 166
160
161
163
164
165
167
1
91
90
97
96
95
106
286
285
190
189
188
187
186
181
180
179
178
177
81
80

[MAP_VISIBILITY_GRAPH]
MAP_VERTEX 167
168
1
91
90
285
190
189
188
166

[MAP_VISIBILITY_GRAPH]
MAP_VERTEX 168
0
1
91
167
169
170
171

[MAP_VISIBILITY_GRAPH]
MAP_VERTEX 169
170
1
168

[MAP_VISIBILITY_GRAPH]
MAP_VERTEX 170
0
1
168
169
171

[MAP_VISIBILITY_GRAPH]
MAP_VERTEX 171
0
1
168
170
159
26
25
24
14

[MAP_VISIBILITY_GRAPH]
MAP_VERTEX 172
46
45
34
33
32
86
87
88
82
160
175
174
173
183
238
237
198
197
48
47

[MAP_VISIBILITY_GRAPH]
MAP_VERTEX 173
88
89
82
159
174
172
197
196
49
48
47
87

[MAP_VISIBILITY_GRAPH]
MAP_VERTEX 174
82
81
159
160
175
173
172
197
196
87
88
89
53
62
10
34
84
83

[MAP_VISIBILITY_GRAPH]
MAP_VERTEX 175
82
81
80
26
159
160
161
176
174
172
197
87
88
89
85
46
45
38
84
83

[MAP_VISIBILITY_GRAPH]
MAP_VERTEX 176
81
80
26
25
160
161
162
163
164
177
175
89
85
46
45
84
83
82

[MAP_VISIBILITY_GRAPH]
MAP_VERTEX 177
80
26
25
160
161
162
163
164
165
166
90
178
176
81

[MAP_VISIBILITY_GRAPH]
MAP_VERTEX 178
80
26
160
161
162
163
164
165
166
90
97
187
186
185
179
177

[MAP_VISIBILITY_GRAPH]
MAP_VERTEX 179
178
162
163
164
165
166
91
90
187
186
185
184
284
238
237
236
182
181
180

[MAP_VISIBILITY_GRAPH]
MAP_VERTEX 180
179
164
165
166
90
187
186
185
184
285
238
237
182
181

[MAP_VISIBILITY_GRAPH]
MAP_VERTEX 181
180
179
164
165
166
186
185
184
192
286
285
238
237
182

[MAP_VISIBILITY_GRAPH]
MAP_VERTEX 182
181
180
179
163
164
165
186
185
184
192
98
286
285
238
237
236
215
282
281
280
214
126
253
252
199
198
183

[MAP_VISIBILITY_GRAPH]
MAP_VERTEX 183
46
35
34
33
32
86
172
182
165
186
185
184
192
95
99
98
238
237
236
282
281
280
214
126
253
252
199
198
197
47

[MAP_VISIBILITY_GRAPH]
MAP_VERTEX 184
181
180
179
163
185
192
286
285
284
217
239
238
237
252
199
198
183
182

[MAP_VISIBILITY_GRAPH]
MAP_VERTEX 185
180
179
178
162
163
164
186
184
239
238
237
279
282
281
280
253
252
199
198
183
182
181

[MAP_VISIBILITY_GRAPH]
MAP_VERTEX 186
179
178
161
162
163
164
165
166
1
90
187
185
280
253
252
199
198
183
182
181
180

[MAP_VISIBILITY_GRAPH]
MAP_VERTEX 187
178
161
162
163
164
165
166
1
90
97
188
186
180
179

[MAP_VISIBILITY_GRAPH]
MAP_VERTEX 188
187
164
165
166
167
90
97
96
95
98
106
286
189

[MAP_VISIBILITY_GRAPH]
MAP_VERTEX 189
188
166
167
90
97
96
95
98
106
286
190

[MAP_VISIBILITY_GRAPH]
MAP_VERTEX 190
189
166
167
90
97
96
95
98
106
286
285
284
191

[MAP_VISIBILITY_GRAPH]
MAP_VERTEX 191
190
97
96
95
99
98
106
286
285
284
238
198
192

[MAP_VISIBILITY_GRAPH]
MAP_VERTEX 192
183
182
181
184
191
95
99
98
286
285
284
216
239
238
198
197
47

[MAP_VISIBILITY_GRAPH]
MAP_VERTEX 193
49
48
47
84
83
194
200
281
280
279
236
216
252
251
250
255
244
243
242
241
208
206
205
204
41
51
50

[MAP_VISIBILITY_GRAPH]
MAP_VERTEX 194
49
48
47
84
83
85
86
196
195
193
250
255
244
243
242
241
152
201
209
50

[MAP_VISIBILITY_GRAPH]
MAP_VERTEX 195
48
47
196
194
49

[MAP_VISIBILITY_GRAPH]
MAP_VERTEX 196
47
46
21
20
78
77
84
83
86
87
174
173
197
195
194
250
244
243
242
50
49
48

[MAP_VISIBILITY_GRAPH]
MAP_VERTEX 197
47
46
33
74
21
77
84
83
86
87
175
174
173
172
183
192
95
238
237
198
196
49
48

[MAP_VISIBILITY_GRAPH]
MAP_VERTEX 198
197
74
21
77
84
86
87
88
82
160
172
183
182
165
186
185
184
192
191
238
237
236
282
281
280
214
253
199

[MAP_VISIBILITY_GRAPH]
MAP_VERTEX 199
198
183
182
186
185
184
237
281
280
214
253
252
251
250
243
200

[MAP_VISIBILITY_GRAPH]
MAP_VERTEX 200
199
281
280
236
216
215
252
251
250
243
242
241
208
206
205
204
41
193

[MAP_VISIBILITY_GRAPH]
MAP_VERTEX 201
151
202
209
51
50
194
241
248
247
246
268
267
233
158
157
156
153
152

[MAP_VISIBILITY_GRAPH]
MAP_VERTEX 202
151
150
149
65
64
63
203
201
267
266
263
152

[MAP_VISIBILITY_GRAPH]
MAP_VERTEX 203
150
149
65
64
63
57
56
55
34
38
37
204
202
152
151

[MAP_VISIBILITY_GRAPH]
MAP_VERTEX 204
150
57
56
55
35
34
38
37
36
41
51
50
193
200
205
203
151

[MAP_VISIBILITY_GRAPH]
MAP_VERTEX 205
150
57
56
55
10
76
74
30
29
37
36
41
51
50
193
200
281
251
242
241
240
248
206
204

[MAP_VISIBILITY_GRAPH]
MAP_VERTEX 206
205
55
10
76
75
74
30
37
36
41
51
50
193
200
281
251
242
241
240
248
247
264
269
268
267
157
156
209
208
207

[MAP_VISIBILITY_GRAPH]
MAP_VERTEX 207
206
240
248
247
265
264
269
268
209
208

[MAP_VISIBILITY_GRAPH]
MAP_VERTEX 208
207
206
50
193
200
241
240
248
247
246
209

[MAP_VISIBILITY_GRAPH]
MAP_VERTEX 209
208
207
206
41
51
50
194
241
248
247
246
265
268
267
233
158
157
156
153
152
201

[MAP_VISIBILITY_GRAPH]
MAP_VERTEX 210
278
211
231
117
116
115
114
130
129
128
127
126
124
123
138
275

[MAP_VISIBILITY_GRAPH]
MAP_VERTEX 211
278
277
235
234
212
210
115
130
129
128
127
126
125
124
123
138
275

[MAP_VISIBILITY_GRAPH]
MAP_VERTEX 212
277
232
235
234
258
257
243
51
50
49
249
254
213
211
128
127
126
125
275
278

[MAP_VISIBILITY_GRAPH]
MAP_VERTEX 213
155
263
262
259
258
257
256
244
243
51
50
49
249
254
214
212
127
126
278
235
234

[MAP_VISIBILITY_GRAPH]
MAP_VERTEX 214
257
256
244
243
42
51
254
253
199
198
183
182
280
279
236
239
215
213
126
235
234
259
258

[MAP_VISIBILITY_GRAPH]
MAP_VERTEX 215
245
244
254
253
252
200
280
279
282
182
164
237
236
239
105
104
103
108
107
216
214
258
257
256
246

[MAP_VISIBILITY_GRAPH]
MAP_VERTEX 216
215
244
254
253
252
193
200
280
236
239
192
284
283
287
286
98
106
105
104
103
108
107
217

[MAP_VISIBILITY_GRAPH]
MAP_VERTEX 217
216
244
254
253
236
239
238
184
284
283
287
105
104
103
107
120
119
118
218

[MAP_VISIBILITY_GRAPH]
MAP_VERTEX 218
217
238
163
284
283
287
105
104
107
120
119
118
117
116
115
130
220
219

[MAP_VISIBILITY_GRAPH]
MAP_VERTEX 219
218
104
107
120
119
118
117
116
115
131
220

[MAP_VISIBILITY_GRAPH]
MAP_VERTEX 220
221
219
218
104
107
119
118
117
116
115
131
130
129
231
230
229
228
227

[MAP_VISIBILITY_GRAPH]
MAP_VERTEX 221
226
225
224
223
222
220
118
117
116
115
131
130
129
231
230
229
228
227

[MAP_VISIBILITY_GRAPH]
MAP_VERTEX 222
225
224
223
221
231
230
229
228
227
226

[MAP_VISIBILITY_GRAPH]
MAP_VERTEX 223
224
222
221
130
129
230
229
228
227
226
225

[MAP_VISIBILITY_GRAPH]
MAP_VERTEX 224
223
222
221
115
131
130
230
229
228
227
226
225

[MAP_VISIBILITY_GRAPH]
MAP_VERTEX 225
224
223
222
221
116
115
230
229
228
227
226

[MAP_VISIBILITY_GRAPH]
MAP_VERTEX 226
225
224
223
222
221
117
116
230
229
228
227

[MAP_VISIBILITY_GRAPH]
MAP_VERTEX 227
226
225
224
223
222
221
220
118
117
230
229
228

[MAP_VISIBILITY_GRAPH]
MAP_VERTEX 228
227
226
225
224
223
222
221
220
118
117
230
229

[MAP_VISIBILITY_GRAPH]
MAP_VERTEX 229
228
227
226
225
224
223
222
221
220
118
230

[MAP_VISIBILITY_GRAPH]
MAP_VERTEX 230
228
227
226
225
224
223
222
221
220
118
117
116
115
131
130
129
231
229

[MAP_VISIBILITY_GRAPH]
MAP_VERTEX 231
230
222
221
220
119
118
117
116
115
114
131
130
129
128
127
126
123
210

[MAP_VISIBILITY_GRAPH]
MAP_VERTEX 232
156
155
154
153
233
235
212
277
276
275
273
272
271
124
123
122
3
158
157

[MAP_VISIBILITY_GRAPH]
MAP_VERTEX 233
155
154
153
152
201
209
267
266
269
264
263
262
260
259
234
232
123
122
158
157
156

[MAP_VISIBILITY_GRAPH]
MAP_VERTEX 234
155
263
262
261
259
258
257
48
47
249
254
253
280
279
214
213
212
211
128
127
235
233

[MAP_VISIBILITY_GRAPH]
MAP_VERTEX 235
234
47
249
254
253
164
280
279
214
213
212
211
128
127
126
278
277
273
157
232

[MAP_VISIBILITY_GRAPH]
MAP_VERTEX 236
253
252
251
49
193
200
280
279
282
198
183
182
179
163
237
239
104
103
108
107
120
217
216
215
214
258
257
256
255
266
246
245
254

[MAP_VISIBILITY_GRAPH]
MAP_VERTEX 237
197
46
33
75
77
86
87
172
183
182
181
180
179
163
164
185
184
238
236
215
279
282
281
280
252
251
250
199
198

[MAP_VISIBILITY_GRAPH]
MAP_VERTEX 238
197
47
46
33
75
86
172
183
182
181
180
179
163
164
185
184
192
191
95
99
98
285
284
119
218
217
239
237
198

[MAP_VISIBILITY_GRAPH]
MAP_VERTEX 239
236
238
185
184
192
284
283
287
98
106
105
104
103
108
107
120
217
216
215
214
258
257
256
266
246
245
254

[MAP_VISIBILITY_GRAPH]
MAP_VERTEX 240
208
207
206
205
55
54
4
36
41
39
35
34
28
27
26
44
43
42
241
248

[MAP_VISIBILITY_GRAPH]
MAP_VERTEX 241
205
57
56
36
41
40
39
35
34
28
44
42
51
50
194
193
200
281
242
240
248
247
267
153
152
201
209
208
206

[MAP_VISIBILITY_GRAPH]
MAP_VERTEX 242
205
57
56
36
41
40
39
29
42
51
50
196
194
193
200
281
251
250
243
241
206

[MAP_VISIBILITY_GRAPH]
MAP_VERTEX 243
242
36
41
40
39
30
29
42
51
50
47
82
85
86
87
196
194
193
200
199
281
251
250
249
254
214
213
212
257
256
244

[MAP_VISIBILITY_GRAPH]
MAP_VERTEX 244
243
50
48
47
82
85
86
87
196
194
193
250
249
254
217
216
215
214
213
256
255
265
245

[MAP_VISIBILITY_GRAPH]
MAP_VERTEX 245
244
254
236
239
104
103
108
107
215
256
255
265
264
155
266
246

[MAP_VISIBILITY_GRAPH]
MAP_VERTEX 246
268
201
209
208
247
245
254
236
239
104
103
215
256
255
265
264
156
155
266
269

[MAP_VISIBILITY_GRAPH]
MAP_VERTEX 247
209
208
207
206
10
76
75
37
36
41
42
51
241
248
246
265
264
263
269
268
267
153
152
201

[MAP_VISIBILITY_GRAPH]
MAP_VERTEX 248
208
207
206
205
55
54
10
36
41
78
44
43
42
51
241
240
247
152
201
209

[MAP_VISIBILITY_GRAPH]
MAP_VERTEX 249
243
40
39
68
67
30
42
51
50
49
48
47
250
254
213
212
127
235
234
257
256
255
265
244

[MAP_VISIBILITY_GRAPH]
MAP_VERTEX 250
243
242
56
36
41
40
39
8
42
51
50
49
48
47
85
86
196
194
193
200
199
237
251
249
256
255
244

[MAP_VISIBILITY_GRAPH]
MAP_VERTEX 251
205
150
56
36
41
51
50
49
48
47
83
193
200
199
237
281
280
279
236
252
250
243
242
206

[MAP_VISIBILITY_GRAPH]
MAP_VERTEX 252
251
49
48
193
200
199
183
182
164
186
185
184
237
281
280
279
236
216
215
253

[MAP_VISIBILITY_GRAPH]
MAP_VERTEX 253
252
199
198
183
182
164
186
185
280
279
236
103
108
107
120
217
216
215
214
126
235
234
257
256
255
254

[MAP_VISIBILITY_GRAPH]
MAP_VERTEX 254
244
243
39
30
29
42
51
249
253
236
239
104
103
108
107
217
216
215
214
213
212
127
235
234
257
256
255
265
264
155
266
246
245

[MAP_VISIBILITY_GRAPH]
MAP_VERTEX 255
269
246
245
244
194
193
250
249
254
253
236
256
265
264
154
153
266

[MAP_VISIBILITY_GRAPH]
MAP_VERTEX 256
246
245
244
243
50
48
47
85
86
250
249
254
253
279
236
239
104
215
214
213
257
255
266
269

[MAP_VISIBILITY_GRAPH]
MAP_VERTEX 257
256
243
51
50
48
47
249
254
253
279
236
239
215
214
213
212
127
234
258

[MAP_VISIBILITY_GRAPH]
MAP_VERTEX 258
257
279
236
239
215
214
213
212
128
234
259

[MAP_VISIBILITY_GRAPH]
MAP_VERTEX 259
261
260
258
214
213
234
233
155
262

[MAP_VISIBILITY_GRAPH]
MAP_VERTEX 260
259
233
262
261

[MAP_VISIBILITY_GRAPH]
MAP_VERTEX 261
260
259
234
262

[MAP_VISIBILITY_GRAPH]
MAP_VERTEX 262
263
261
260
259
213
234
233
155

[MAP_VISIBILITY_GRAPH]
MAP_VERTEX 263
154
153
152
202
266
269
36
247
264
262
213
234
233
156
155

[MAP_VISIBILITY_GRAPH]
MAP_VERTEX 264
154
153
266
269
207
206
74
30
37
36
247
246
245
254
255
265
263
233
156
155

[MAP_VISIBILITY_GRAPH]
MAP_VERTEX 265
266
269
268
209
207
247
246
245
244
249
254
255
264
154
153

[MAP_VISIBILITY_GRAPH]
MAP_VERTEX 266
152
151
202
267
269
246
245
254
236
239
256
255
265
264
263
233
157
156
155
153

[MAP_VISIBILITY_GRAPH]
MAP_VERTEX 267
152
151
202
201
209
206
36
41
42
51
241
247
268
266
233
122
158
157
156
155
153

[MAP_VISIBILITY_GRAPH]
MAP_VERTEX 268
151
201
209
207
206
36
41
42
247
246
265
269
267
152

[MAP_VISIBILITY_GRAPH]
MAP_VERTEX 269
268
207
206
36
247
246
104
256
255
265
264
263
233
156
266

[MAP_VISIBILITY_GRAPH]
MAP_VERTEX 270
158
271
274
275
116
130
126
125
124
123
122
138

[MAP_VISIBILITY_GRAPH]
MAP_VERTEX 271
157
156
154
153
232
272
270
125
124
123
122
138
158

[MAP_VISIBILITY_GRAPH]
MAP_VERTEX 272
157
156
155
154
232
273
271
123
122
138
158

[MAP_VISIBILITY_GRAPH]
MAP_VERTEX 273
156
155
232
235
277
276
275
274
272
157

[MAP_VISIBILITY_GRAPH]
MAP_VERTEX 274
273
276
275
130
129
128
126
125
124
123
138
270

[MAP_VISIBILITY_GRAPH]
MAP_VERTEX 275
274
273
156
155
232
276
278
212
211
210
116
130
129
128
127
126
125
124
123
138
270

[MAP_VISIBILITY_GRAPH]
MAP_VERTEX 276
273
156
232
277
275
125
124
274

[MAP_VISIBILITY_GRAPH]
MAP_VERTEX 277
156
232
235
212
211
115
130
129
128
278
276
273

[MAP_VISIBILITY_GRAPH]
MAP_VERTEX 278
277
235
213
212
211
210
130
129
128
127
126
275

[MAP_VISIBILITY_GRAPH]
MAP_VERTEX 279
252
251
50
49
193
280
282
164
185
237
236
215
214
235
234
258
257
256
253

[MAP_VISIBILITY_GRAPH]
MAP_VERTEX 280
251
41
51
50
49
193
200
199
198
183
182
164
186
185
237
281
279
236
216
215
214
126
235
234
253
252

[MAP_VISIBILITY_GRAPH]
MAP_VERTEX 281
51
50
193
200
199
198
183
182
164
185
237
282
280
252
251
243
242
241
206
205
36
41

[MAP_VISIBILITY_GRAPH]
MAP_VERTEX 282
281
198
183
182
164
185
237
236
215
279

[MAP_VISIBILITY_GRAPH]
MAP_VERTEX 283
284
287
106
105
104
107
120
119
116
218
217
216
239

[MAP_VISIBILITY_GRAPH]
MAP_VERTEX 284
238
179
163
184
192
191
190
97
96
285
283
119
116
218
217
216
239

[MAP_VISIBILITY_GRAPH]
MAP_VERTEX 285
238
182
181
180
184
192
191
190
166
167
90
97
96
95
94
98
286
284

[MAP_VISIBILITY_GRAPH]
MAP_VERTEX 286
285
182
181
184
192
191
190
189
188
166
90
97
96
95
94
98
106
105
216
287

[MAP_VISIBILITY_GRAPH]
MAP_VERTEX 287
286
98
106
105
119
218
217
216
239
283

[MAP_VISIBILITY_GRAPH]
CITY_VERTEX 0
0
13
12
11
19
7
6
5
59
58
66
149
148
147

[MAP_VISIBILITY_GRAPH]
CITY_VERTEX 1
0
1
168
171
159
160
177
25
24
23
22
21
31
30
206
74
73
72
71
59
18
17
16
15
14

[MAP_VISIBILITY_GRAPH]
CITY_VERTEX 2
17
16
71
70
69
68
37
10
8
7
6
60
59
19
18

[MAP_VISIBILITY_GRAPH]
CITY_VERTEX 3
138
158
272
271
270
274
123
122
121
3

[MAP_VISIBILITY_GRAPH]
CITY_VERTEX 4
156
232
235
212
277
276
275
274
273
272
157

[MAP_VISIBILITY_GRAPH]
CITY_VERTEX 5
243
51
50
48
47
82
85
86
196
194
193
250
249
254
214
213
212
127
257
256
255
244

[MAP_VISIBILITY_GRAPH]
CITY_VERTEX 6
158
157
271
270
274
276
275
211
210
231
117
126
125
124
123
138

[MAP_VISIBILITY_GRAPH]
CITY_VERTEX 7
197
47
46
33
75
77
86
87
172
183
165
186
185
184
192
191
95
238
237
236
282
281
280
214
253
199
198

[MAP_VISIBILITY_GRAPH]
CITY_VERTEX 8
154
153
152
263
262
260
259
213
234
233
155

[MAP_VISIBILITY_GRAPH]
CITY_VERTEX 9
238
182
181
192
191
190
189
188
166
90
97
96
95
94
98
106
105
216
287
286
285

[MAP_VISIBILITY_GRAPH]
CITY_VERTEX 10
283
287
105
104
103
107
120
119
115
218
217
216
215
257
239

[MAP_VISIBILITY_GRAPH]
CITY_VERTEX 11
126
158
270
275
278
277
211
210
231
220
119
118
117
116
130
129
128
127

[MAP_VISIBILITY_GRAPH]
CITY_VERTEX 12
278
235
279
214
213
212
211
210
116
130
129
128
127
126
125
275

[MAP_VISIBILITY_GRAPH]
CITY_VERTEX 13
269
268
209
207
247
246
245
254
236
239
256
255
265
264
156
155
266

[MAP_VISIBILITY_GRAPH]
CITY_VERTEX 14
227
226
221
220
219
218
119
118
117
116
115
130
129
128
231
230
229
228

[MAP_VISIBILITY_GRAPH]
CITY_VERTEX 15
47
77
84
83
82
85
86
87
173
172
197
196
195
194
193
251
250
256
244
243
50
49
48

[MAP_VISIBILITY_GRAPH]
CITY_VERTEX 16
150
36
41
51
50
49
193
200
199
237
281
280
279
236
216
215
252
251
250
243
242
241
208
206
205

[MAP_VISIBILITY_GRAPH]
CITY_VERTEX 17
40
39
35
34
28
27
26
44
43
42
51
250
249
243
242
241
240
248
247
41

[MAP_VISIBILITY_GRAPH]
CITY_VERTEX 18
151
202
201
209
51
50
194
241
248
247
268
267
266
263
233
123
158
157
156
153
152

[MAP_VISIBILITY_GRAPH]
CITY_VERTEX 19
227
226
225
224
223
222
221
220
118
117
116
230
229
228

[MAP_VISIBILITY_GRAPH]
CITY_VERTEX 20
238
179
163
185
184
192
191
96
95
94
98
285
284
119
116
218
217
216
239

[MAP_VISIBILITY_GRAPH]
CITY_VERTEX 21
263
262
261
259
258
257
253
279
236
239
215
214
213
234
233
155

[MAP_VISIBILITY_GRAPH]
CITY_VERTEX 22
56
55
35
34
38
37
36
251
250
242
241
240
205
204
203
151
150

[MAP_VISIBILITY_GRAPH]
CITY_VERTEX 23
187
162
163
164
165
166
167
90
97
96
95
106
286
285
190
189
188

[MAP_VISIBILITY_GRAPH]
CITY_VERTEX 24
155
154
153
152
201
209
206
36
267
266
269
246
264
263
233
232
276
275
273
272
271
124
123
158
157
156

[MAP_VISIBILITY_GRAPH]
CITY_VERTEX 25
149
148
64
63
62
18
17
6
5
4
53
52
57
203
151
150

[MAP_VISIBILITY_GRAPH]
CITY_VERTEX 26
121
137
136
135
134
2
3

[MAP_VISIBILITY_GRAPH]
CITY_VERTEX 27
8
19
18
17
68
67
76
75
74
22
21
20
28
31
30
29
43
42
39
38
37
247
206
205
55
10
9

[MAP_VISIBILITY_GRAPH]
CITY_VERTEX 28
33
75
74
21
20
28
27
26
78
77
85
86
172
183
238
237
198
197
196
47
46
45
44
240
248
41
40
39
38
55
34

[MAP_VISIBILITY_GRAPH]
CITY_VERTEX 29
26
159
160
162
80
79
78
40
39
34
33
32
31
8
20
28
27

[MAP_VISIBILITY_GRAPH]
CITY_VERTEX 30
113
112
2
131
114

[MAP_VISIBILITY_GRAPH]
CITY_VERTEX 31
168
1
92
91
90
187
186
181
166
167

[MAP_VISIBILITY_GRAPH]
CITY_VERTEX 32
102
2
111
110
109
108
107
103

[MAP_VISIBILITY_GRAPH]
CITY_VERTEX 33
110
109
108
102
92
1
2
111

[MAP_VISIBILITY_GRAPH]
CITY_VERTEX 34
94
93
92
2
102
101
100
99
98
285
238
95

[MAP_VISIBILITY_GRAPH]
CITY_VERTEX 35
100
99
93
92
102
101

[MAP_VISIBILITY_GRAPH]
CITY_VERTEX 36
0
147
144
140
139
138
3

[MAP_VISIBILITY_GRAPH]
CITY_VERTEX 37
0
147
146
144
143
142
141
140
138
3

[MAP_VISIBILITY_GRAPH]
CITY_VERTEX 38
0
147
146
145
144
143
141
140
138
3

[MAP_VISIBILITY_GRAPH]
CITY_VERTEX 39
0
147
146
145
144
143
141
140
138
3

[MAP_VISIBILITY_GRAPH]
CITY_VERTEX 40
60
59
12
11
19
18
17
16
6
5
4
37
54
53
52
57
62
61

[MAP_VISIBILITY_GRAPH]
CITY_VERTEX 41
121
137
135
134
133
132
2
3

[MAP_VISIBILITY_GRAPH]
CITY_VERTEX 42
134
133
132
131
2
3

[MAP_VISIBILITY_GRAPH]
CITY_VERTEX 43
278
277
235
234
258
257
212
211
210
116
130
129
128
127
126
125
124
123
138
275

[MAP_VISIBILITY_GRAPH]
CITY_VERTEX 44
0
171
159
160
176
175
26
25
24

[MAP_VISIBILITY_GRAPH]
CITY_VERTEX 45
0
1
168
169
170
171

[MAP_VISIBILITY_GRAPH]
CITY_VERTEX 46
180
179
164
165
166
186
185
184
192
286
285
238
237
182
181

[MAP_VISIBILITY_GRAPH]
CITY_VERTEX 47
130
277
211
210
231
230
225
224
221
220
219
218
119
118
116
115
114
131

[MAP_VISIBILITY_GRAPH]
CITY_VERTEX 48
111
2
112

[MAP_VISIBILITY_GRAPH]
CITY_VERTEX 49
245
244
254
253
252
200
199
198
280
279
236
239
104
103
108
107
215
214
234
258
257
256
269
246

[MAP_VISIBILITY_GRAPH]
CITY_VERTEX 50
80
160
161
162
163
164
165
166
90
97
187
186
185
184
179
178
177
81

[MAP_VISIBILITY_GRAPH]
CITY_VERTEX 51
205
55
54
10
67
76
75
37
36
41
51
50
193
200
281
251
242
241
240
248
247
264
263
269
268
267
156
153
209
206

[MAP_VISIBILITY_GRAPH]
CITY_VERTEX 52
83
82
160
161
175
174
173
172
198
88
89

[CITY_VISIBILITY]
CITY_VERTEX 0

[CITY_VISIBILITY]
CITY_VERTEX 1
44
45

[CITY_VISIBILITY]
CITY_VERTEX 2

[CITY_VISIBILITY]
CITY_VERTEX 3

[CITY_VISIBILITY]
CITY_VERTEX 4

[CITY_VISIBILITY]
CITY_VERTEX 5
15

[CITY_VISIBILITY]
CITY_VERTEX 6
43

[CITY_VISIBILITY]
CITY_VERTEX 7
28
34

[CITY_VISIBILITY]
CITY_VERTEX 8
21

[CITY_VISIBILITY]
CITY_VERTEX 9
23

[CITY_VISIBILITY]
CITY_VERTEX 10
49

[CITY_VISIBILITY]
CITY_VERTEX 11
12
14
43

[CITY_VISIBILITY]
CITY_VERTEX 12
11
43

[CITY_VISIBILITY]
CITY_VERTEX 13
24

[CITY_VISIBILITY]
CITY_VERTEX 14
11
19
47

[CITY_VISIBILITY]
CITY_VERTEX 15
5

[CITY_VISIBILITY]
CITY_VERTEX 16
51

[CITY_VISIBILITY]
CITY_VERTEX 17
28

[CITY_VISIBILITY]
CITY_VERTEX 18
24

[CITY_VISIBILITY]
CITY_VERTEX 19
14

[CITY_VISIBILITY]
CITY_VERTEX 20
34

[CITY_VISIBILITY]
CITY_VERTEX 21
8
49

[CITY_VISIBILITY]
CITY_VERTEX 22

[CITY_VISIBILITY]
CITY_VERTEX 23
9

[CITY_VISIBILITY]
CITY_VERTEX 24
13
18

[CITY_VISIBILITY]
CITY_VERTEX 25

[CITY_VISIBILITY]
CITY_VERTEX 26
41

[CITY_VISIBILITY]
CITY_VERTEX 27
51

[CITY_VISIBILITY]
CITY_VERTEX 28
7
17

[CITY_VISIBILITY]
CITY_VERTEX 29

[CITY_VISIBILITY]
CITY_VERTEX 30

[CITY_VISIBILITY]
CITY_VERTEX 31
46

[CITY_VISIBILITY]
CITY_VERTEX 32
33

[CITY_VISIBILITY]
CITY_VERTEX 33
32

[CITY_VISIBILITY]
CITY_VERTEX 34
7
20
35

[CITY_VISIBILITY]
CITY_VERTEX 35
34

[CITY_VISIBILITY]
CITY_VERTEX 36
37
38
39

[CITY_VISIBILITY]
CITY_VERTEX 37
36
38
39

[CITY_VISIBILITY]
CITY_VERTEX 38
36
37
39

[CITY_VISIBILITY]
CITY_VERTEX 39
36
37
38

[CITY_VISIBILITY]
CITY_VERTEX 40

[CITY_VISIBILITY]
CITY_VERTEX 41
26
42

[CITY_VISIBILITY]
CITY_VERTEX 42
41

[CITY_VISIBILITY]
CITY_VERTEX 43
6
11
12

[CITY_VISIBILITY]
CITY_VERTEX 44
1

[CITY_VISIBILITY]
CITY_VERTEX 45
1

[CITY_VISIBILITY]
CITY_VERTEX 46
31

[CITY_VISIBILITY]
CITY_VERTEX 47
14

[CITY_VISIBILITY]
CITY_VERTEX 48

[CITY_VISIBILITY]
CITY_VERTEX 49
10
21

[CITY_VISIBILITY]
CITY_VERTEX 50

[CITY_VISIBILITY]
CITY_VERTEX 51
16
27

[CITY_VISIBILITY]
CITY_VERTEX 52

