[INFO]
FORMAT=MAP_POINTS
NAME=
VERSION=1.0
COMMENT=Load from simple-txt file '../data/planning/maps/dense/dense.txt.bbox'
COMMENT=Collinear points has been removed by the 'tmap_convert.cc' ver. 0.5
COMMENT=Created from file '../data/planning/maps/dense/dense.txt.bbox' by program ./tmap_convert version 0.5
COMMENT=Created from file 'maps/dense/dense.txt' by program ../map_tools/tmap_convert version 0.5

[MAP_POINTS]
0 -50 -50
1 2050 -50
2 2050 2100
3 -50 2100
4 362.281 523.81
5 271.746 489.283
6 244.589 397.994
7 302.554 364.868
8 397.782 385.572
9 418.484 468.388
10 447.636 505.978
11 153.501 228.222
12 116.238 199.236
13 145.221 120.562
14 223.887 91.576
15 290.133 108.139
16 325.439 153.274
17 265.291 199.236
18 236.145 264.223
19 189.274 289.797
20 675.185 228.222
21 596.721 228.574
22 584.098 153.688
23 737.291 79.1537
24 691.747 41.8866
25 737.291 41.8866
26 811.817 70.8721
27 770.413 149.547
28 729.01 186.814
29 565.751 452.039
30 513.113 412.228
31 550.975 344.164
32 633.782 323.46
33 683.466 335.882
34 695.887 414.557
35 662.764 410.417
36 550.043 801.005
37 513.712 646.441
38 579.957 559.485
39 660.828 624.832
40 646.203 696.131
41 662.764 795.51
42 749.712 704.412
43 770.413 559.485
44 745.571 501.514
45 815.957 439.402
46 882.203 443.543
47 977.431 505.655
48 936.027 584.33
49 890.484 683.709
50 907.045 762.383
51 836.659 770.665
52 273.571 667.145
53 326.952 592.022
54 406.063 609.174
55 432.156 707.236
56 306.694 778.947
57 207.326 758.243
58 91.3961 327.601
59 157.642 373.15
60 157.642 451.824
61 199.045 505.655
62 199.045 600.893
63 145.25 575.124
64 98.4245 514.968
65 66.554 451.824
66 45.8522 377.29
67 410.583 289.07
68 367.201 267.377
69 410.583 210.975
70 449.626 156.743
71 447.457 96.0032
72 484.331 91.6646
73 514.697 130.712
74 512.528 208.806
75 466.978 256.531
76 466.894 313.341
77 854.372 355.919
78 784.962 306.025
79 832.682 223.592
80 917.275 130.313
81 982.347 156.344
82 1066.94 208.407
83 971.501 295.179
84 928.12 345.072
85 1045.24 350.738
86 1049.5 417.513
87 1126.69 411.831
88 1129.04 336.531
89 1082.17 309.536
90 1779.94 114.533
91 1889.82 81.567
92 2038.15 213.432
93 1972.23 323.319
94 1928.28 499.139
95 1812.91 521.116
96 1823.89 367.274
97 1807.41 218.926
98 1840.37 603.532
99 1961.24 598.038
100 1939.26 729.903
101 1878.83 960.666
102 2005.19 1109.01
103 1862.35 1196.92
104 1774.45 1120
105 1670.07 960.666
106 1796.42 801.329
107 1779.94 1218.9
108 1900.81 1213.41
109 1906.3 1345.27
110 1873.34 1488.13
111 1999.69 1823.28
112 1944.76 1949.65
113 1779.94 1977.12
114 1708.52 2026.57
115 1648.09 1949.65
116 1768.96 1828.78
117 1867.84 1740.87
118 1807.41 1598.01
119 1714.02 1438.68
120 1801.92 1323.29
121 109.831 2037.56
122 49.3995 1977.12
123 181.25 1916.69
124 302.114 1960.64
125 516.372 1966.14
126 906.431 1861.74
127 1082.23 1905.7
128 1236.06 1933.17
129 1483.28 1927.67
130 1565.69 1922.18
131 1648.09 2037.56
132 1565.69 2043.06
133 988.837 2032.07
134 664.704 2059.54
135 549.334 2054.05
136 318.595 1982.62
137 258.164 2026.57
138 -5.53835 1916.69
139 21.9306 1674.93
140 -11.0321 1587.02
141 -5.53835 1405.71
142 43.9057 1218.9
143 5.44922 1158.46
144 -5.53835 971.655
145 5.44922 795.835
146 5.44922 696.936
147 -22.0197 576.06
148 -16.5259 477.162
149 82.3623 620.015
150 104.337 801.329
151 71.3747 1026.6
152 252.67 1202.42
153 208.719 1301.32
154 109.831 1312.31
155 65.8809 1471.64
156 131.806 1543.07
157 126.313 1685.92
158 115.325 1801.3
159 933.9 43.1064
160 1055.18 100.686
161 1184.43 75.1124
162 1291 65.0839
163 1389.88 87.0614
164 1519.63 86.4784
165 1653.59 70.5783
166 1741.49 114.533
167 1790.93 43.1064
168 1719.51 -11.8373
169 1367.91 21.1289
170 1208.59 -0.848542
171 1038.28 -0.848542
172 1225.62 461.557
173 1259.71 343.634
174 1194.42 266.621
175 1160.6 209.38
176 1194.42 157.343
177 1267.26 141.732
178 1332.3 141.732
179 1379.13 209.38
180 1355.71 253.611
181 1316.69 339.472
182 1366.12 443.546
183 1334.9 495.584
184 1510.9 431.517
185 1500.96 326.382
186 1550.83 217.185
187 1636.68 198.972
188 1701.72 245.806
189 1701.72 373.296
190 1696.97 438.621
191 1668.56 495.451
192 1573.4 501.134
193 1056.6 755.652
194 1051.77 689.889
195 1168.89 645.276
196 1072.58 565
197 1111.6 520.769
198 1279.36 594.826
199 1249.49 697.695
200 1142.82 747.13
201 329.576 1110.8
202 241.122 1061.37
203 222.911 946.886
204 328.472 856.415
205 444.938 843.628
206 483.069 928.673
207 399.819 928.673
208 313.966 996.321
209 392.347 1061.94
210 1375.33 1781.44
211 1161.19 1742.5
212 1093.5 1641.01
213 1097.93 1484.54
214 1117.39 1323.93
215 1307.19 1202.25
216 1443.46 1226.58
217 1608.92 1260.65
218 1662.46 1353.13
219 1638.12 1435.87
220 1623.52 1557.55
221 1506.72 1533.21
222 1521.32 1440.74
223 1462.92 1348.26
224 1346.13 1343.4
225 1253.66 1367.73
226 1204.99 1445.61
227 1200.13 1581.89
228 1253.66 1650.03
229 1370.46 1688.96
230 1467.79 1688.96
231 1467.79 1771.7
232 251.134 1557.55
233 251.134 1499.14
234 975.609 1484.73
235 977.03 1548.66
236 1378.82 1098.93
237 1429.95 567.572
238 1481.08 543.419
239 1456.93 1101.77
240 665.462 1006.89
241 723.865 908.654
242 811.469 892.724
243 867.217 908.654
244 867.217 1086.54
245 731.829 1179.46
246 630.952 1206.01
247 517.336 1080.41
248 612.369 1014.85
249 981.368 1001.58
250 986.677 919.273
251 1071.63 858.21
252 1159.23 927.238
253 1151.27 1054.68
254 1025.38 1117.56
255 800.851 1237.87
256 922.965 1211.32
257 965.44 1306.9
258 917.656 1362.65
259 790.039 1390.14
260 721.21 1338.76
261 625.642 1338.76
262 555.685 1391.56
263 423.887 1375.93
264 469.017 1325.48
265 604.405 1298.93
266 376.724 1280.74
267 352.578 1211.12
268 430.696 1165.66
269 447.74 1226.75
270 345.603 1809.07
271 287.733 1780.13
272 289.541 1700.55
273 396.116 1658.06
274 511.98 1769.28
275 739.835 1800.14
276 640.38 1696.93
277 755.459 1639.59
278 853.777 1707.79
279 1313.7 958.434
280 1246.95 877.452
281 1306.38 793.471
282 1330.75 885.976
283 1595.61 872.69
284 1556.02 775.901
285 1679.2 652.714
286 1745.18 696.71
287 1657.2 828.695

[MAP_BORDER]
0
1
2
3

[MAP_OBSTACLE]
10
9
8
7
6
5
4

[MAP_OBSTACLE]
19
18
17
16
15
14
13
12
11

[MAP_OBSTACLE]
28
27
26
25
24
23
22
21
20

[MAP_OBSTACLE]
35
34
33
32
31
30
29

[MAP_OBSTACLE]
41
40
39
38
37
36

[MAP_OBSTACLE]
51
50
49
48
47
46
45
44
43
42

[MAP_OBSTACLE]
57
56
55
54
53
52

[MAP_OBSTACLE]
66
65
64
63
62
61
60
59
58

[MAP_OBSTACLE]
76
75
74
73
72
71
70
69
68
67

[MAP_OBSTACLE]
84
83
82
81
80
79
78
77

[MAP_OBSTACLE]
85
86
87
88
89

[MAP_OBSTACLE]
97
96
95
94
93
92
91
90

[MAP_OBSTACLE]
106
105
104
103
102
101
100
99
98

[MAP_OBSTACLE]
120
119
118
117
116
115
114
113
112
111
110
109
108
107

[MAP_OBSTACLE]
137
136
135
134
133
132
131
130
129
128
127
126
125
124
123
122
121

[MAP_OBSTACLE]
158
157
156
155
154
153
152
151
150
149
148
147
146
145
144
143
142
141
140
139
138

[MAP_OBSTACLE]
159
160
161
162
163
164
165
166
167
168
169
170
171

[MAP_OBSTACLE]
183
182
181
180
179
178
177
176
175
174
173
172

[MAP_OBSTACLE]
192
191
190
189
188
187
186
185
184

[MAP_OBSTACLE]
200
199
198
197
196
195
194
193

[MAP_OBSTACLE]
209
208
207
206
205
204
203
202
201

[MAP_OBSTACLE]
231
230
229
228
227
226
225
224
223
222
221
220
219
218
217
216
215
214
213
212
211
210

[MAP_OBSTACLE]
235
234
233
232

[MAP_OBSTACLE]
239
238
237
236

[MAP_OBSTACLE]
248
247
246
245
244
243
242
241
240

[MAP_OBSTACLE]
254
253
252
251
250
249

[MAP_OBSTACLE]
265
264
263
262
261
260
259
258
257
256
255

[MAP_OBSTACLE]
269
268
267
266

[MAP_OBSTACLE]
274
273
272
271
270

[MAP_OBSTACLE]
278
277
276
275

[MAP_OBSTACLE]
282
281
280
279

[MAP_OBSTACLE]
287
286
285
284
283

